2
13
21
35
40
44
49
85
86
87
88
96
97
98
111
121
190
210
211
212
213
222
224
233
234
238
242
261
270
305
306
307
309
310
345
346
347
354
355
360
365
366
367
370
373
378
382
399
408
423
431
448
460
466
468
679
703
714
722
736
741
745
750
786
787
788
789
797
798
799
812
822
891
911
912
913
914
923
925
934
935
939
943
962
971
1006
1007
1008
1010
1011
1046
1047
1048
1055
1056
1061
1066
1067
1068
1071
1074
1079
1083
1100
1109
1124
1132
1149
1161
1167
1169
1380
1404
1415
1423
1437
1442
1446
1451
1487
1488
1489
1490
1498
1499
1500
1513
1523
1592
1612
1613
1614
1615
1624
1626
1635
1636
1640
1644
1663
1672
1707
1708
1709
1711
1712
1747
1748
1749
1756
1757
1762
1767
1768
1769
1772
1775
1780
1784
1801
1810
1825
1833
1850
1862
1868
1870
2081
2105
2116
2124
2138
2143
2147
2152
2188
2189
2190
2191
2199
2200
2201
2214
2224
2293
2313
2314
2315
2316
2325
2327
2336
2337
2341
2345
2364
2373
2408
2409
2410
2412
2413
2448
2449
2450
2457
2458
2463
2468
2469
2470
2473
2476
2481
2485
2502
2511
2526
2534
2551
2563
2569
2571
2782
2806
2817
2825
2839
2844
2848
2853
2889
2890
2891
2892
2900
2901
2902
2915
2925
2994
3014
3015
3016
3017
3026
3028
3037
3038
3042
3046
3065
3074
3109
3110
3111
3113
3114
3149
3150
3151
3158
3159
3164
3169
3170
3171
3174
3177
3182
3186
3203
3212
3227
3235
3252
3264
3270
3272
3483
3507
3518
3526
3540
3545
3549
3554
3590
3591
3592
3593
3601
3602
3603
3616
3626
3695
3715
3716
3717
3718
3727
3729
3738
3739
3743
3747
3766
3775
3810
3811
3812
3814
3815
3850
3851
3852
3859
3860
3865
3870
3871
3872
3875
3878
3883
3887
3904
3913
3928
3936
3953
3965
3971
3973
4184
4208
4219
4227
4241
4246
4250
4255
4291
4292
4293
4294
4302
4303
4304
4317
4327
4396
4416
4417
4418
4419
4428
4430
4439
4440
4444
4448
4467
4476
4511
4512
4513
4515
4516
4551
4552
4553
4560
4561
4566
4571
4572
4573
4576
4579
4584
4588
4605
4614
4629
4637
4654
4666
4672
4674
4885
4909
4920
4928
4942
4947
4951
4956
4992
4993
4994
4995
5003
5004
5005
5018
5028
5097
5117
5118
5119
5120
5129
5131
5140
5141
5145
5149
5168
5177
5212
5213
5214
5216
5217
5252
5253
5254
5261
5262
5267
5272
5273
5274
5277
5280
5285
5289
5306
5315
5330
5338
5355
5367
5373
5375
5586
5610
5621
5629
5643
5648
5652
5657
5693
5694
5695
5696
5704
5705
5706
5719
5729
5798
5818
5819
5820
5821
5830
5832
5841
5842
5846
5850
5869
5878
5913
5914
5915
5917
5918
5953
5954
5955
5962
5963
5968
5973
5974
5975
5978
5981
5986
5990
6007
6016
6031
6039
6056
6068
6074
6076
6287
6311
6322
6330
6344
6349
6353
6358
6394
6395
6396
6397
6405
6406
6407
6420
6430
6499
6519
6520
6521
6522
6531
6533
6542
6543
6547
6551
6570
6579
6614
6615
6616
6618
6619
6654
6655
6656
6663
6664
6669
6674
6675
6676
6679
6682
6687
6691
6708
6717
6732
6740
6757
6769
6775
6777
6988
7012
7023
7031
7045
7050
7054
7059
7095
7096
7097
7098
7106
7107
7108
7121
7131
7200
7220
7221
7222
7223
7232
7234
7243
7244
7248
7252
7271
7280
7315
7316
7317
7319
7320
7355
7356
7357
7364
7365
7370
7375
7376
7377
7380
7383
7388
7392
7409
7418
7433
7441
7458
7470
7476
7478
7689
7713
7724
7732
7746
7751
7755
7760
7796
7797
7798
7799
7807
7808
7809
7822
7832
7901
7921
7922
7923
7924
7933
7935
7944
7945
7949
7953
7972
7981
8016
8017
8018
8020
8021
8056
8057
8058
8065
8066
8071
8076
8077
8078
8081
8084
8089
8093
8110
8119
8134
8142
8159
8171
8177
8179
8390
8414
8425
8433
8447
8452
8456
8461
8497
8498
8499
8500
8508
8509
8510
8523
8533
8602
8622
8623
8624
8625
8634
8636
8645
8646
8650
8654
8673
8682
8717
8718
8719
8721
8722
8757
8758
8759
8766
8767
8772
8777
8778
8779
8782
8785
8790
8794
8811
8820
8835
8843
8860
8872
8878
8880
9091
9115
9126
9134
9148
9153
9157
9162
9198
9199
9200
9201
9209
9210
9211
9224
9234
9303
9323
9324
9325
9326
9335
9337
9346
9347
9351
9355
9374
9383
9418
9419
9420
9422
9423
9458
9459
9460
9467
9468
9473
9478
9479
9480
9483
9486
9491
9495
9512
9521
9536
9544
9561
9573
9579
9581
9792
9816
9827
9835
9849
9854
9858
9863
9899
9900
9901
9902
9910
9911
9912
9925
9935
10004
10024
10025
10026
10027
10036
10038
10047
10048
10052
10056
10075
10084
10119
10120
10121
10123
10124
10159
10160
10161
10168
10169
10174
10179
10180
10181
10184
10187
10192
10196
10213
10222
10237
10245
10262
10274
10280
10282
10493
10517
10528
10536
10550
10555
10559
10564
10600
10601
10602
10603
10611
10612
10613
10626
10636
10705
10725
10726
10727
10728
10737
10739
10748
10749
10753
10757
10776
10785
10820
10821
10822
10824
10825
10860
10861
10862
10869
10870
10875
10880
10881
10882
10885
10888
10893
10897
10914
10923
10938
10946
10963
10975
10981
10983
11194
11218
11229
11237
11251
11256
11260
11265
11301
11302
11303
11304
11312
11313
11314
11327
11337
11406
11426
11427
11428
11429
11438
11440
11449
11450
11454
11458
11477
11486
11521
11522
11523
11525
11526
11561
11562
11563
11570
11571
11576
11581
11582
11583
11586
11589
11594
11598
11615
11624
11639
11647
11664
11676
11682
11684
11895
11919
11930
11938
11952
11957
11961
11966
12002
12003
12004
12005
12013
12014
12015
12028
12038
12107
12127
12128
12129
12130
12139
12141
12150
12151
12155
12159
12178
12187
12222
12223
12224
12226
12227
12262
12263
12264
12271
12272
12277
12282
12283
12284
12287
12290
12295
12299
12316
12325
12340
12348
12365
12377
12383
12385
12596
12620
12631
12639
12653
12658
12662
12667
12703
12704
12705
12706
12714
12715
12716
12729
12739
12808
12828
12829
12830
12831
12840
12842
12851
12852
12856
12860
12879
12888
12923
12924
12925
12927
12928
12963
12964
12965
12972
12973
12978
12983
12984
12985
12988
12991
12996
13000
13017
13026
13041
13049
13066
13078
13084
13086
13297
13321
13332
13340
13354
13359
13363
13368
13404
13405
13406
13407
13415
13416
13417
13430
13440
13509
13529
13530
13531
13532
13541
13543
13552
13553
13557
13561
13580
13589
13624
13625
13626
13628
13629
13664
13665
13666
13673
13674
13679
13684
13685
13686
13689
13692
13697
13701
13718
13727
13742
13750
13767
13779
13785
13787
13998
14022
14033
14041
14055
14060
14064
14069
14105
14106
14107
14108
14116
14117
14118
14131
14141
14210
14230
14231
14232
14233
14242
14244
14253
14254
14258
14262
14281
14290
14325
14326
14327
14329
14330
14365
14366
14367
14374
14375
14380
14385
14386
14387
14390
14393
14398
14402
14419
14428
14443
14451
14468
14480
14486
14488
14699
14723
14734
14742
14756
14761
14765
14770
14806
14807
14808
14809
14817
14818
14819
14832
14842
14911
14931
14932
14933
14934
14943
14945
14954
14955
14959
14963
14982
14991
15026
15027
15028
15030
15031
15066
15067
15068
15075
15076
15081
15086
15087
15088
15091
15094
15099
15103
15120
15129
15144
15152
15169
15181
15187
15189
15400
15424
15435
15443
15457
15462
15466
15471
15507
15508
15509
15510
15518
15519
15520
15533
15543
15612
15632
15633
15634
15635
15644
15646
15655
15656
15660
15664
15683
15692
15727
15728
15729
15731
15732
15767
15768
15769
15776
15777
15782
15787
15788
15789
15792
15795
15800
15804
15821
15830
15845
15853
15870
15882
15888
15890
16101
16125
16136
16144
16158
16163
16167
16172
16208
16209
16210
16211
16219
16220
16221
16234
16244
16313
16333
16334
16335
16336
16345
16347
16356
16357
16361
16365
16384
16393
16428
16429
16430
16432
16433
16468
16469
16470
16477
16478
16483
16488
16489
16490
16493
16496
16501
16505
16522
16531
16546
16554
16571
16583
16589
16591
16802
16826
16837
16845
16859
16864
16868
16873
16909
16910
16911
16912
16920
16921
16922
16935
16945
17014
17034
17035
17036
17037
17046
17048
17057
17058
17062
17066
17085
17094
17129
17130
17131
17133
17134
17169
17170
17171
17178
17179
17184
17189
17190
17191
17194
17197
17202
17206
17223
17232
17247
17255
17272
17284
17290
17292
17503
17527
17538
17546
17560
17565
17569
17574
17610
17611
17612
17613
17621
17622
17623
17636
17646
17715
17735
17736
17737
17738
17747
17749
17758
17759
17763
17767
17786
17795
17830
17831
17832
17834
17835
17870
17871
17872
17879
17880
17885
17890
17891
17892
17895
17898
17903
17907
17924
17933
17948
17956
17973
17985
17991
17993
18204
18228
18239
18247
18261
18266
18270
18275
18311
18312
18313
18314
18322
18323
18324
18337
18347
18416
18436
18437
18438
18439
18448
18450
18459
18460
18464
18468
18487
18496
18531
18532
18533
18535
18536
18571
18572
18573
18580
18581
18586
18591
18592
18593
18596
18599
18604
18608
18625
18634
18649
18657
18674
18686
18692
18694
18905
18929
18940
18948
18962
18967
18971
18976
19012
19013
19014
19015
19023
19024
19025
19038
19048
19117
19137
19138
19139
19140
19149
19151
19160
19161
19165
19169
19188
19197
19232
19233
19234
19236
19237
19272
19273
19274
19281
19282
19287
19292
19293
19294
19297
19300
19305
19309
19326
19335
19350
19358
19375
19387
19393
19395
19606
19630
19641
19649
19663
19668
19672
19677
19713
19714
19715
19716
19724
19725
19726
19739
19749
19818
19838
19839
19840
19841
19850
19852
19861
19862
19866
19870
19889
19898
19933
19934
19935
19937
19938
19973
19974
19975
19982
19983
19988
19993
19994
19995
19998
20001
20006
20010
20027
20036
20051
20059
20076
20088
20094
20096
20307
20331
20342
20350
20364
20369
20373
20378
20414
20415
20416
20417
20425
20426
20427
20440
20450
20519
20539
20540
20541
20542
20551
20553
20562
20563
20567
20571
20590
20599
20634
20635
20636
20638
20639
20674
20675
20676
20683
20684
20689
20694
20695
20696
20699
20702
20707
20711
20728
20737
20752
20760
20777
20789
20795
20797
21008
21032
21043
21051
21065
21070
21074
21079
21115
21116
21117
21118
21126
21127
21128
21141
21151
21220
21240
21241
21242
21243
21252
21254
21263
21264
21268
21272
21291
21300
21335
21336
21337
21339
21340
21375
21376
21377
21384
21385
21390
21395
21396
21397
21400
21403
21408
21412
21429
21438
21453
21461
21478
21490
21496
21498
21709
21733
21744
21752
21766
21771
21775
21780
21816
21817
21818
21819
21827
21828
21829
21842
21852
21921
21941
21942
21943
21944
21953
21955
21964
21965
21969
21973
21992
22001
22036
22037
22038
22040
22041
22076
22077
22078
22085
22086
22091
22096
22097
22098
22101
22104
22109
22113
22130
22139
22154
22162
22179
22191
22197
22199
22410
22434
22445
22453
22467
22472
22476
22481
22517
22518
22519
22520
22528
22529
22530
22543
22553
22622
22642
22643
22644
22645
22654
22656
22665
22666
22670
22674
22693
22702
22737
22738
22739
22741
22742
22777
22778
22779
22786
22787
22792
22797
22798
22799
22802
22805
22810
22814
22831
22840
22855
22863
22880
22892
22898
22900
23111
23135
23146
23154
23168
23173
23177
23182
23218
23219
23220
23221
23229
23230
23231
23244
23254
23323
23343
23344
23345
23346
23355
23357
23366
23367
23371
23375
23394
23403
23438
23439
23440
23442
23443
23478
23479
23480
23487
23488
23493
23498
23499
23500
23503
23506
23511
23515
23532
23541
23556
23564
23581
23593
23599
23601
23812
23836
23847
23855
23869
23874
23878
23883
23919
23920
23921
23922
23930
23931
23932
23945
23955
24024
24044
24045
24046
24047
24056
24058
24067
24068
24072
24076
24095
24104
24139
24140
24141
24143
24144
24179
24180
24181
24188
24189
24194
24199
24200
24201
24204
24207
24212
24216
24233
24242
24257
24265
24282
24294
24300
24302
24513
24537
24548
24556
24570
24575
24579
24584
24620
24621
24622
24623
24631
24632
24633
24646
24656
24725
24745
24746
24747
24748
24757
24759
24768
24769
24773
24777
24796
24805
24840
24841
24842
24844
24845
24880
24881
24882
24889
24890
24895
24900
24901
24902
24905
24908
24913
24917
24934
24943
24958
24966
24983
24995
25001
25003
25214
25238
25249
25257
25271
25276
25280
25285
25321
25322
25323
25324
25332
25333
25334
25347
25357
25426
25446
25447
25448
25449
25458
25460
25469
25470
25474
25478
25497
25506
25541
25542
25543
25545
25546
25581
25582
25583
25590
25591
25596
25601
25602
25603
25606
25609
25614
25618
25635
25644
25659
25667
25684
25696
25702
25704
25915
25939
25950
25958
25972
25977
25981
25986
26022
26023
26024
26025
26033
26034
26035
26048
26058
26127
26147
26148
26149
26150
26159
26161
26170
26171
26175
26179
26198
26207
26242
26243
26244
26246
26247
26282
26283
26284
26291
26292
26297
26302
26303
26304
26307
26310
26315
26319
26336
26345
26360
26368
26385
26397
26403
26405
26616
26640
26651
26659
26673
26678
26682
26687
26723
26724
26725
26726
26734
26735
26736
26749
26759
26828
26848
26849
26850
26851
26860
26862
26871
26872
26876
26880
26899
26908
26943
26944
26945
26947
26948
26983
26984
26985
26992
26993
26998
27003
27004
27005
27008
27011
27016
27020
27037
27046
27061
27069
27086
27098
27104
27106
27317
27341
27352
27360
27374
27379
27383
27388
27424
27425
27426
27427
27435
27436
27437
27450
27460
27529
27549
27550
27551
27552
27561
27563
27572
27573
27577
27581
27600
27609
27644
27645
27646
27648
27649
27684
27685
27686
27693
27694
27699
27704
27705
27706
27709
27712
27717
27721
27738
27747
27762
27770
27787
27799
27805
27807
28018
28042
28053
28061
28075
28080
28084
28089
28125
28126
28127
28128
28136
28137
28138
28151
28161
28230
28250
28251
28252
28253
28262
28264
28273
28274
28278
28282
28301
28310
28345
28346
28347
28349
28350
28385
28386
28387
28394
28395
28400
28405
28406
28407
28410
28413
28418
28422
28439
28448
28463
28471
28488
28500
28506
28508
28719
28743
28754
28762
28776
28781
28785
28790
28826
28827
28828
28829
28837
28838
28839
28852
28862
28931
28951
28952
28953
28954
28963
28965
28974
28975
28979
28983
29002
29011
29046
29047
29048
29050
29051
29086
29087
29088
29095
29096
29101
29106
29107
29108
29111
29114
29119
29123
29140
29149
29164
29172
29189
29201
29207
29209
29420
29444
29455
29463
29477
29482
29486
29491
29527
29528
29529
29530
29538
29539
29540
29553
29563
29632
29652
29653
29654
29655
29664
29666
29675
29676
29680
29684
29703
29712
29747
29748
29749
29751
29752
29787
29788
29789
29796
29797
29802
29807
29808
29809
29812
29815
29820
29824
29841
29850
29865
29873
29890
29902
29908
29910
30121
30145
30156
30164
30178
30183
30187
30192
30228
30229
30230
30231
30239
30240
30241
30254
30264
30333
30353
30354
30355
30356
30365
30367
30376
30377
30381
30385
30404
30413
30448
30449
30450
30452
30453
30488
30489
30490
30497
30498
30503
30508
30509
30510
30513
30516
30521
30525
30542
30551
30566
30574
30591
30603
30609
30611
30822
30846
30857
30865
30879
30884
30888
30893
30929
30930
30931
30932
30940
30941
30942
30955
30965
31034
31054
31055
31056
31057
31066
31068
31077
31078
31082
31086
31105
31114
31149
31150
31151
31153
31154
31189
31190
31191
31198
31199
31204
31209
31210
31211
31214
31217
31222
31226
31243
31252
31267
31275
31292
31304
31310
31312
31523
31547
31558
31566
31580
31585
31589
31594
31630
31631
31632
31633
31641
31642
31643
31656
31666
31735
31755
31756
31757
31758
31767
31769
31778
31779
31783
31787
31806
31815
31850
31851
31852
31854
31855
31890
31891
31892
31899
31900
31905
31910
31911
31912
31915
31918
31923
31927
31944
31953
31968
31976
31993
32005
32011
32013
32224
32248
32259
32267
32281
32286
32290
32295
32331
32332
32333
32334
32342
32343
32344
32357
32367
32436
32456
32457
32458
32459
32468
32470
32479
32480
32484
32488
32507
32516
32551
32552
32553
32555
32556
32591
32592
32593
32600
32601
32606
32611
32612
32613
32616
32619
32624
32628
32645
32654
32669
32677
32694
32706
32712
32714
32925
32949
32960
32968
32982
32987
32991
32996
33032
33033
33034
33035
33043
33044
33045
33058
33068
33137
33157
33158
33159
33160
33169
33171
33180
33181
33185
33189
33208
33217
33252
33253
33254
33256
33257
33292
33293
33294
33301
33302
33307
33312
33313
33314
33317
33320
33325
33329
33346
33355
33370
33378
33395
33407
33413
33415
33626
33650
33661
33669
33683
33688
33692
33697
33733
33734
33735
33736
33744
33745
33746
33759
33769
33838
33858
33859
33860
33861
33870
33872
33881
33882
33886
33890
33909
33918
33953
33954
33955
33957
33958
33993
33994
33995
34002
34003
34008
34013
34014
34015
34018
34021
34026
34030
34047
34056
34071
34079
34096
34108
34114
34116
34327
34351
34362
34370
34384
34389
34393
34398
34434
34435
34436
34437
34445
34446
34447
34460
34470
34539
34559
34560
34561
34562
34571
34573
34582
34583
34587
34591
34610
34619
34654
34655
34656
34658
34659
34694
34695
34696
34703
34704
34709
34714
34715
34716
34719
34722
34727
34731
34748
34757
34772
34780
34797
34809
34815
34817
35028
35052
35063
35071
35085
35090
35094
35099
35135
35136
35137
35138
35146
35147
35148
35161
35171
35240
35260
35261
35262
35263
35272
35274
35283
35284
35288
35292
35311
35320
35355
35356
35357
35359
35360
35395
35396
35397
35404
35405
35410
35415
35416
35417
35420
35423
35428
35432
35449
35458
35473
35481
35498
35510
35516
35518
35729
35753
35764
35772
35786
35791
35795
35800
35836
35837
35838
35839
35847
35848
35849
35862
35872
35941
35961
35962
35963
35964
35973
35975
35984
35985
35989
35993
36012
36021
36056
36057
36058
36060
36061
36096
36097
36098
36105
36106
36111
36116
36117
36118
36121
36124
36129
36133
36150
36159
36174
36182
36199
36211
36217
36219
36430
36454
36465
36473
36487
36492
36496
36501
36537
36538
36539
36540
36548
36549
36550
36563
36573
36642
36662
36663
36664
36665
36674
36676
36685
36686
36690
36694
36713
36722
36757
36758
36759
36761
36762
36797
36798
36799
36806
36807
36812
36817
36818
36819
36822
36825
36830
36834
36851
36860
36875
36883
36900
36912
36918
36920
37131
37155
37166
37174
37188
37193
37197
37202
37238
37239
37240
37241
37249
37250
37251
37264
37274
37343
37363
37364
37365
37366
37375
37377
37386
37387
37391
37395
37414
37423
37458
37459
37460
37462
37463
37498
37499
37500
37507
37508
37513
37518
37519
37520
37523
37526
37531
37535
37552
37561
37576
37584
37601
37613
37619
37621
37832
37856
37867
37875
37889
37894
37898
37903
37939
37940
37941
37942
37950
37951
37952
37965
37975
38044
38064
38065
38066
38067
38076
38078
38087
38088
38092
38096
38115
38124
38159
38160
38161
38163
38164
38199
38200
38201
38208
38209
38214
38219
38220
38221
38224
38227
38232
38236
38253
38262
38277
38285
38302
38314
38320
38322
38533
38557
38568
38576
38590
38595
38599
38604
38640
38641
38642
38643
38651
38652
38653
38666
38676
38745
38765
38766
38767
38768
38777
38779
38788
38789
38793
38797
38816
38825
38860
38861
38862
38864
38865
38900
38901
38902
38909
38910
38915
38920
38921
38922
38925
38928
38933
38937
38954
38963
38978
38986
39003
39015
39021
39023
39234
39258
39269
39277
39291
39296
39300
39305
39341
39342
39343
39344
39352
39353
39354
39367
39377
39446
39466
39467
39468
39469
39478
39480
39489
39490
39494
39498
39517
39526
39561
39562
39563
39565
39566
39601
39602
39603
39610
39611
39616
39621
39622
39623
39626
39629
39634
39638
39655
39664
39679
39687
39704
39716
39722
39724
39935
39959
39970
39978
39992
39997
40001
40006
40042
40043
40044
40045
40053
40054
40055
40068
40078
40147
40167
40168
40169
40170
40179
40181
40190
40191
40195
40199
40218
40227
40262
40263
40264
40266
40267
40302
40303
40304
40311
40312
40317
40322
40323
40324
40327
40330
40335
40339
40356
40365
40380
40388
40405
40417
40423
40425
40636
40660
40671
40679
40693
40698
40702
40707
40743
40744
40745
40746
40754
40755
40756
40769
40779
40848
40868
40869
40870
40871
40880
40882
40891
40892
40896
40900
40919
40928
40963
40964
40965
40967
40968
41003
41004
41005
41012
41013
41018
41023
41024
41025
41028
41031
41036
41040
41057
41066
41081
41089
41106
41118
41124
41126
41337
41361
41372
41380
41394
41399
41403
41408
41444
41445
41446
41447
41455
41456
41457
41470
41480
41549
41569
41570
41571
41572
41581
41583
41592
41593
41597
41601
41620
41629
41664
41665
41666
41668
41669
41704
41705
41706
41713
41714
41719
41724
41725
41726
41729
41732
41737
41741
41758
41767
41782
41790
41807
41819
41825
41827
42038
42062
42073
42081
42095
42100
42104
42109
42145
42146
42147
42148
42156
42157
42158
42171
42181
42250
42270
42271
42272
42273
42282
42284
42293
42294
42298
42302
42321
42330
42365
42366
42367
42369
42370
42405
42406
42407
42414
42415
42420
42425
42426
42427
42430
42433
42438
42442
42459
42468
42483
42491
42508
42520
42526
42528
42739
42763
42774
42782
42796
42801
42805
42810
42846
42847
42848
42849
42857
42858
42859
42872
42882
42951
42971
42972
42973
42974
42983
42985
42994
42995
42999
43003
43022
43031
43066
43067
43068
43070
43071
43106
43107
43108
43115
43116
43121
43126
43127
43128
43131
43134
43139
43143
43160
43169
43184
43192
43209
43221
43227
43229
43440
43464
43475
43483
43497
43502
43506
43511
43547
43548
43549
43550
43558
43559
43560
43573
43583
43652
43672
43673
43674
43675
43684
43686
43695
43696
43700
43704
43723
43732
43767
43768
43769
43771
43772
43807
43808
43809
43816
43817
43822
43827
43828
43829
43832
43835
43840
43844
43861
43870
43885
43893
43910
43922
43928
43930
44141
44165
44176
44184
44198
44203
44207
44212
44248
44249
44250
44251
44259
44260
44261
44274
44284
44353
44373
44374
44375
44376
44385
44387
44396
44397
44401
44405
44424
44433
44468
44469
44470
44472
44473
44508
44509
44510
44517
44518
44523
44528
44529
44530
44533
44536
44541
44545
44562
44571
44586
44594
44611
44623
44629
44631
44842
44866
44877
44885
44899
44904
44908
44913
44949
44950
44951
44952
44960
44961
44962
44975
44985
45054
45074
45075
45076
45077
45086
45088
45097
45098
45102
45106
45125
45134
45169
45170
45171
45173
45174
45209
45210
45211
45218
45219
45224
45229
45230
45231
45234
45237
45242
45246
45263
45272
45287
45295
45312
45324
45330
45332
45543
45567
45578
45586
45600
45605
45609
45614
45650
45651
45652
45653
45661
45662
45663
45676
45686
45755
45775
45776
45777
45778
45787
45789
45798
45799
45803
45807
45826
45835
45870
45871
45872
45874
45875
45910
45911
45912
45919
45920
45925
45930
45931
45932
45935
45938
45943
45947
45964
45973
45988
45996
46013
46025
46031
46033
46244
46268
46279
46287
46301
46306
46310
46315
46351
46352
46353
46354
46362
46363
46364
46377
46387
46456
46476
46477
46478
46479
46488
46490
46499
46500
46504
46508
46527
46536
46571
46572
46573
46575
46576
46611
46612
46613
46620
46621
46626
46631
46632
46633
46636
46639
46644
46648
46665
46674
46689
46697
46714
46726
46732
46734
46945
46969
46980
46988
47002
47007
47011
47016
47052
47053
47054
47055
47063
47064
47065
47078
47088
47157
47177
47178
47179
47180
47189
47191
47200
47201
47205
47209
47228
47237
47272
47273
47274
47276
47277
47312
47313
47314
47321
47322
47327
47332
47333
47334
47337
47340
47345
47349
47366
47375
47390
47398
47415
47427
47433
47435
47646
47670
47681
47689
47703
47708
47712
47717
47753
47754
47755
47756
47764
47765
47766
47779
47789
47858
47878
47879
47880
47881
47890
47892
47901
47902
47906
47910
47929
47938
47973
47974
47975
47977
47978
48013
48014
48015
48022
48023
48028
48033
48034
48035
48038
48041
48046
48050
48067
48076
48091
48099
48116
48128
48134
48136
48347
48371
48382
48390
48404
48409
48413
48418
48454
48455
48456
48457
48465
48466
48467
48480
48490
48559
48579
48580
48581
48582
48591
48593
48602
48603
48607
48611
48630
48639
48674
48675
48676
48678
48679
48714
48715
48716
48723
48724
48729
48734
48735
48736
48739
48742
48747
48751
48768
48777
48792
48800
48817
48829
48835
48837
49048
49072
49083
49091
49105
49110
49114
49119
49155
49156
49157
49158
49166
49167
49168
49181
49191
49260
49280
49281
49282
49283
49292
49294
49303
49304
49308
49312
49331
49340
49375
49376
49377
49379
49380
49415
49416
49417
49424
49425
49430
49435
49436
49437
49440
49443
49448
49452
49469
49478
49493
49501
49518
49530
49536
49538
49749
49773
49784
49792
49806
49811
49815
49820
49856
49857
49858
49859
49867
49868
49869
49882
49892
49961
49981
49982
49983
49984
49993
49995
50004
50005
50009
50013
50032
50041
50076
50077
50078
50080
50081
50116
50117
50118
50125
50126
50131
50136
50137
50138
50141
50144
50149
50153
50170
50179
50194
50202
50219
50231
50237
50239
50450
50474
50485
50493
50507
50512
50516
50521
50557
50558
50559
50560
50568
50569
50570
50583
50593
50662
50682
50683
50684
50685
50694
50696
50705
50706
50710
50714
50733
50742
50777
50778
50779
50781
50782
50817
50818
50819
50826
50827
50832
50837
50838
50839
50842
50845
50850
50854
50871
50880
50895
50903
50920
50932
50938
50940
51151
51175
51186
51194
51208
51213
51217
51222
51258
51259
51260
51261
51269
51270
51271
51284
51294
51363
51383
51384
51385
51386
51395
51397
51406
51407
51411
51415
51434
51443
51478
51479
51480
51482
51483
51518
51519
51520
51527
51528
51533
51538
51539
51540
51543
51546
51551
51555
51572
51581
51596
51604
51621
51633
51639
51641
51852
51876
51887
51895
51909
51914
51918
51923
51959
51960
51961
51962
51970
51971
51972
51985
51995
52064
52084
52085
52086
52087
52096
52098
52107
52108
52112
52116
52135
52144
52179
52180
52181
52183
52184
52219
52220
52221
52228
52229
52234
52239
52240
52241
52244
52247
52252
52256
52273
52282
52297
52305
52322
52334
52340
52342
52553
52577
52588
52596
52610
52615
52619
52624
52660
52661
52662
52663
52671
52672
52673
52686
52696
52765
52785
52786
52787
52788
52797
52799
52808
52809
52813
52817
52836
52845
52880
52881
52882
52884
52885
52920
52921
52922
52929
52930
52935
52940
52941
52942
52945
52948
52953
52957
52974
52983
52998
53006
53023
53035
53041
53043
53254
53278
53289
53297
53311
53316
53320
53325
53361
53362
53363
53364
53372
53373
53374
53387
53397
53466
53486
53487
53488
53489
53498
53500
53509
53510
53514
53518
53537
53546
53581
53582
53583
53585
53586
53621
53622
53623
53630
53631
53636
53641
53642
53643
53646
53649
53654
53658
53675
53684
53699
53707
53724
53736
53742
53744
53955
53979
53990
53998
54012
54017
54021
54026
54062
54063
54064
54065
54073
54074
54075
54088
54098
54167
54187
54188
54189
54190
54199
54201
54210
54211
54215
54219
54238
54247
54282
54283
54284
54286
54287
54322
54323
54324
54331
54332
54337
54342
54343
54344
54347
54350
54355
54359
54376
54385
54400
54408
54425
54437
54443
54445
54656
54680
54691
54699
54713
54718
54722
54727
54763
54764
54765
54766
54774
54775
54776
54789
54799
54868
54888
54889
54890
54891
54900
54902
54911
54912
54916
54920
54939
54948
54983
54984
54985
54987
54988
55023
55024
55025
55032
55033
55038
55043
55044
55045
55048
55051
55056
55060
55077
55086
55101
55109
55126
55138
55144
55146
55357
55381
55392
55400
55414
55419
55423
55428
55464
55465
55466
55467
55475
55476
55477
55490
55500
55569
55589
55590
55591
55592
55601
55603
55612
55613
55617
55621
55640
55649
55684
55685
55686
55688
55689
55724
55725
55726
55733
55734
55739
55744
55745
55746
55749
55752
55757
55761
55778
55787
55802
55810
55827
55839
55845
55847
56058
56082
56093
56101
56115
56120
56124
56129
56165
56166
56167
56168
56176
56177
56178
56191
56201
56270
56290
56291
56292
56293
56302
56304
56313
56314
56318
56322
56341
56350
56385
56386
56387
56389
56390
56425
56426
56427
56434
56435
56440
56445
56446
56447
56450
56453
56458
56462
56479
56488
56503
56511
56528
56540
56546
56548
56759
56783
56794
56802
56816
56821
56825
56830
56866
56867
56868
56869
56877
56878
56879
56892
56902
56971
56991
56992
56993
56994
57003
57005
57014
57015
57019
57023
57042
57051
57086
57087
57088
57090
57091
57126
57127
57128
57135
57136
57141
57146
57147
57148
57151
57154
57159
57163
57180
57189
57204
57212
57229
57241
57247
57249
57460
57484
57495
57503
57517
57522
57526
57531
57567
57568
57569
57570
57578
57579
57580
57593
57603
57672
57692
57693
57694
57695
57704
57706
57715
57716
57720
57724
57743
57752
57787
57788
57789
57791
57792
57827
57828
57829
57836
57837
57842
57847
57848
57849
57852
57855
57860
57864
57881
57890
57905
57913
57930
57942
57948
57950
58161
58185
58196
58204
58218
58223
58227
58232
58268
58269
58270
58271
58279
58280
58281
58294
58304
58373
58393
58394
58395
58396
58405
58407
58416
58417
58421
58425
58444
58453
58488
58489
58490
58492
58493
58528
58529
58530
58537
58538
58543
58548
58549
58550
58553
58556
58561
58565
58582
58591
58606
58614
58631
58643
58649
58651
58862
58886
58897
58905
58919
58924
58928
58933
58969
58970
58971
58972
58980
58981
58982
58995
59005
59074
59094
59095
59096
59097
59106
59108
59117
59118
59122
59126
59145
59154
59189
59190
59191
59193
59194
59229
59230
59231
59238
59239
59244
59249
59250
59251
59254
59257
59262
59266
59283
59292
59307
59315
59332
59344
59350
59352
59563
59587
59598
59606
59620
59625
59629
59634
59670
59671
59672
59673
59681
59682
59683
59696
59706
59775
59795
59796
59797
59798
59807
59809
59818
59819
59823
59827
59846
59855
59890
59891
59892
59894
59895
59930
59931
59932
59939
59940
59945
59950
59951
59952
59955
59958
59963
59967
59984
59993
60008
60016
60033
60045
60051
60053
60264
60288
60299
60307
60321
60326
60330
60335
60371
60372
60373
60374
60382
60383
60384
60397
60407
60476
60496
60497
60498
60499
60508
60510
60519
60520
60524
60528
60547
60556
60591
60592
60593
60595
60596
60631
60632
60633
60640
60641
60646
60651
60652
60653
60656
60659
60664
60668
60685
60694
60709
60717
60734
60746
60752
60754
60965
60989
61000
61008
61022
61027
61031
61036
61072
61073
61074
61075
61083
61084
61085
61098
61108
61177
61197
61198
61199
61200
61209
61211
61220
61221
61225
61229
61248
61257
61292
61293
61294
61296
61297
61332
61333
61334
61341
61342
61347
61352
61353
61354
61357
61360
61365
61369
61386
61395
61410
61418
61435
61447
61453
61455
61666
61690
61701
61709
61723
61728
61732
61737
61773
61774
61775
61776
61784
61785
61786
61799
61809
61878
61898
61899
61900
61901
61910
61912
61921
61922
61926
61930
61949
61958
61993
61994
61995
61997
61998
62033
62034
62035
62042
62043
62048
62053
62054
62055
62058
62061
62066
62070
62087
62096
62111
62119
62136
62148
62154
62156
62367
62391
62402
62410
62424
62429
62433
62438
62474
62475
62476
62477
62485
62486
62487
62500
62510
62579
62599
62600
62601
62602
62611
62613
62622
62623
62627
62631
62650
62659
62694
62695
62696
62698
62699
62734
62735
62736
62743
62744
62749
62754
62755
62756
62759
62762
62767
62771
62788
62797
62812
62820
62837
62849
62855
62857
63068
63092
63103
63111
63125
63130
63134
63139
63175
63176
63177
63178
63186
63187
63188
63201
63211
63280
63300
63301
63302
63303
63312
63314
63323
63324
63328
63332
63351
63360
63395
63396
63397
63399
63400
63435
63436
63437
63444
63445
63450
63455
63456
63457
63460
63463
63468
63472
63489
63498
63513
63521
63538
63550
63556
63558
63769
63793
63804
63812
63826
63831
63835
63840
63876
63877
63878
63879
63887
63888
63889
63902
63912
63981
64001
64002
64003
64004
64013
64015
64024
64025
64029
64033
64052
64061
64096
64097
64098
64100
64101
64136
64137
64138
64145
64146
64151
64156
64157
64158
64161
64164
64169
64173
64190
64199
64214
64222
64239
64251
64257
64259
64470
64494
64505
64513
64527
64532
64536
64541
64577
64578
64579
64580
64588
64589
64590
64603
64613
64682
64702
64703
64704
64705
64714
64716
64725
64726
64730
64734
64753
64762
64797
64798
64799
64801
64802
64837
64838
64839
64846
64847
64852
64857
64858
64859
64862
64865
64870
64874
64891
64900
64915
64923
64940
64952
64958
64960
65171
65195
65206
65214
65228
65233
65237
65242
65278
65279
65280
65281
65289
65290
65291
65304
65314
65383
65403
65404
65405
65406
65415
65417
65426
65427
65431
65435
65454
65463
65498
65499
65500
65502
65503
65538
65539
65540
65547
65548
65553
65558
65559
65560
65563
65566
65571
65575
65592
65601
65616
65624
65641
65653
65659
65661
65872
65896
65907
65915
65929
65934
65938
65943
65979
65980
65981
65982
65990
65991
65992
66005
66015
66084
66104
66105
66106
66107
66116
66118
66127
66128
66132
66136
66155
66164
66199
66200
66201
66203
66204
66239
66240
66241
66248
66249
66254
66259
66260
66261
66264
66267
66272
66276
66293
66302
66317
66325
66342
66354
66360
66362
66573
66597
66608
66616
66630
66635
66639
66644
66680
66681
66682
66683
66691
66692
66693
66706
66716
66785
66805
66806
66807
66808
66817
66819
66828
66829
66833
66837
66856
66865
66900
66901
66902
66904
66905
66940
66941
66942
66949
66950
66955
66960
66961
66962
66965
66968
66973
66977
66994
67003
67018
67026
67043
67055
67061
67063
67274
67298
67309
67317
67331
67336
67340
67345
67381
67382
67383
67384
67392
67393
67394
67407
67417
67486
67506
67507
67508
67509
67518
67520
67529
67530
67534
67538
67557
67566
67601
67602
67603
67605
67606
67641
67642
67643
67650
67651
67656
67661
67662
67663
67666
67669
67674
67678
67695
67704
67719
67727
67744
67756
67762
67764
67975
67999
68010
68018
68032
68037
68041
68046
68082
68083
68084
68085
68093
68094
68095
68108
68118
68187
68207
68208
68209
68210
68219
68221
68230
68231
68235
68239
68258
68267
68302
68303
68304
68306
68307
68342
68343
68344
68351
68352
68357
68362
68363
68364
68367
68370
68375
68379
68396
68405
68420
68428
68445
68457
68463
68465
68676
68700
68711
68719
68733
68738
68742
68747
68783
68784
68785
68786
68794
68795
68796
68809
68819
68888
68908
68909
68910
68911
68920
68922
68931
68932
68936
68940
68959
68968
69003
69004
69005
69007
69008
69043
69044
69045
69052
69053
69058
69063
69064
69065
69068
69071
69076
69080
69097
69106
69121
69129
69146
69158
69164
69166
69377
69401
69412
69420
69434
69439
69443
69448
69484
69485
69486
69487
69495
69496
69497
69510
69520
69589
69609
69610
69611
69612
69621
69623
69632
69633
69637
69641
69660
69669
69704
69705
69706
69708
69709
69744
69745
69746
69753
69754
69759
69764
69765
69766
69769
69772
69777
69781
69798
69807
69822
69830
69847
69859
69865
69867
70078
70102
70113
70121
70135
70140
70144
70149
70185
70186
70187
70188
70196
70197
70198
70211
70221
70290
70310
70311
70312
70313
70322
70324
70333
70334
70338
70342
70361
70370
70405
70406
70407
70409
70410
70445
70446
70447
70454
70455
70460
70465
70466
70467
70470
70473
70478
70482
70499
70508
70523
70531
70548
70560
70566
70568
70779
70803
70814
70822
70836
70841
70845
70850
70886
70887
70888
70889
70897
70898
70899
70912
70922
70991
71011
71012
71013
71014
71023
71025
71034
71035
71039
71043
71062
71071
71106
71107
71108
71110
71111
71146
71147
71148
71155
71156
71161
71166
71167
71168
71171
71174
71179
71183
71200
71209
71224
71232
71249
71261
71267
71269
71480
71504
71515
71523
71537
71542
71546
71551
71587
71588
71589
71590
71598
71599
71600
71613
71623
71692
71712
71713
71714
71715
71724
71726
71735
71736
71740
71744
71763
71772
71807
71808
71809
71811
71812
71847
71848
71849
71856
71857
71862
71867
71868
71869
71872
71875
71880
71884
71901
71910
71925
71933
71950
71962
71968
71970
72181
72205
72216
72224
72238
72243
72247
72252
72288
72289
72290
72291
72299
72300
72301
72314
72324
72393
72413
72414
72415
72416
72425
72427
72436
72437
72441
72445
72464
72473
72508
72509
72510
72512
72513
72548
72549
72550
72557
72558
72563
72568
72569
72570
72573
72576
72581
72585
72602
72611
72626
72634
72651
72663
72669
72671
72882
72906
72917
72925
72939
72944
72948
72953
72989
72990
72991
72992
73000
73001
73002
73015
73025
73094
73114
73115
73116
73117
73126
73128
73137
73138
73142
73146
73165
73174
73209
73210
73211
73213
73214
73249
73250
73251
73258
73259
73264
73269
73270
73271
73274
73277
73282
73286
73303
73312
73327
73335
73352
73364
73370
73372
73583
73607
73618
73626
73640
73645
73649
73654
73690
73691
73692
73693
73701
73702
73703
73716
73726
73795
73815
73816
73817
73818
73827
73829
73838
73839
73843
73847
73866
73875
73910
73911
73912
73914
73915
73950
73951
73952
73959
73960
73965
73970
73971
73972
73975
73978
73983
73987
74004
74013
74028
74036
74053
74065
74071
74073
74284
74308
74319
74327
74341
74346
74350
74355
74391
74392
74393
74394
74402
74403
74404
74417
74427
74496
74516
74517
74518
74519
74528
74530
74539
74540
74544
74548
74567
74576
74611
74612
74613
74615
74616
74651
74652
74653
74660
74661
74666
74671
74672
74673
74676
74679
74684
74688
74705
74714
74729
74737
74754
74766
74772
74774
74985
75009
75020
75028
75042
75047
75051
75056
75092
75093
75094
75095
75103
75104
75105
75118
75128
75197
75217
75218
75219
75220
75229
75231
75240
75241
75245
75249
75268
75277
75312
75313
75314
75316
75317
75352
75353
75354
75361
75362
75367
75372
75373
75374
75377
75380
75385
75389
75406
75415
75430
75438
75455
75467
75473
75475
75686
75710
75721
75729
75743
75748
75752
75757
75793
75794
75795
75796
75804
75805
75806
75819
75829
75898
75918
75919
75920
75921
75930
75932
75941
75942
75946
75950
75969
75978
76013
76014
76015
76017
76018
76053
76054
76055
76062
76063
76068
76073
76074
76075
76078
76081
76086
76090
76107
76116
76131
76139
76156
76168
76174
76176
76387
76411
76422
76430
76444
76449
76453
76458
76494
76495
76496
76497
76505
76506
76507
76520
76530
76599
76619
76620
76621
76622
76631
76633
76642
76643
76647
76651
76670
76679
76714
76715
76716
76718
76719
76754
76755
76756
76763
76764
76769
76774
76775
76776
76779
76782
76787
76791
76808
76817
76832
76840
76857
76869
76875
76877
77088
77112
77123
77131
77145
77150
77154
77159
77195
77196
77197
77198
77206
77207
77208
77221
77231
77300
77320
77321
77322
77323
77332
77334
77343
77344
77348
77352
77371
77380
77415
77416
77417
77419
77420
77455
77456
77457
77464
77465
77470
77475
77476
77477
77480
77483
77488
77492
77509
77518
77533
77541
77558
77570
77576
77578
77789
