198
304
353
358
676
899
1005
1054
1059
1377
1600
1706
1755
1760
2078
2301
2407
2456
2461
2779
3002
3108
3157
3162
3480
3703
3809
3858
3863
4181
4404
4510
4559
4564
4882
5105
5211
5260
5265
5583
5806
5912
5961
5966
6284
6507
6613
6662
6667
6985
7208
7314
7363
7368
7686
7909
8015
8064
8069
8387
8610
8716
8765
8770
9088
9311
9417
9466
9471
9789
10012
10118
10167
10172
10490
10713
10819
10868
10873
11191
11414
11520
11569
11574
11892
12115
12221
12270
12275
12593
12816
12922
12971
12976
13294
13517
13623
13672
13677
13995
14218
14324
14373
14378
14696
14919
15025
15074
15079
15397
15620
15726
15775
15780
16098
16321
16427
16476
16481
16799
17022
17128
17177
17182
17500
17723
17829
17878
17883
18201
18424
18530
18579
18584
18902
19125
19231
19280
19285
19603
19826
19932
19981
19986
20304
20527
20633
20682
20687
21005
21228
21334
21383
21388
21706
21929
22035
22084
22089
22407
22630
22736
22785
22790
23108
23331
23437
23486
23491
23809
24032
24138
24187
24192
24510
24733
24839
24888
24893
25211
25434
25540
25589
25594
25912
26135
26241
26290
26295
26613
26836
26942
26991
26996
27314
27537
27643
27692
27697
28015
28238
28344
28393
28398
28716
28939
29045
29094
29099
29417
29640
29746
29795
29800
30118
30341
30447
30496
30501
30819
31042
31148
31197
31202
31520
31743
31849
31898
31903
32221
32444
32550
32599
32604
32922
33145
33251
33300
33305
33623
33846
33952
34001
34006
34324
34547
34653
34702
34707
35025
35248
35354
35403
35408
35726
35949
36055
36104
36109
36427
36650
36756
36805
36810
37128
37351
37457
37506
37511
37829
38052
38158
38207
38212
38530
38753
38859
38908
38913
39231
39454
39560
39609
39614
39932
40155
40261
40310
40315
40633
40856
40962
41011
41016
41334
41557
41663
41712
41717
42035
42258
42364
42413
42418
42736
42959
43065
43114
43119
43437
43660
43766
43815
43820
44138
44361
44467
44516
44521
44839
45062
45168
45217
45222
45540
45763
45869
45918
45923
46241
46464
46570
46619
46624
46942
47165
47271
47320
47325
47643
47866
47972
48021
48026
48344
48567
48673
48722
48727
49045
49268
49374
49423
49428
49746
49969
50075
50124
50129
50447
50670
50776
50825
50830
51148
51371
51477
51526
51531
51849
52072
52178
52227
52232
52550
52773
52879
52928
52933
53251
53474
53580
53629
53634
53952
54175
54281
54330
54335
54653
54876
54982
55031
55036
55354
55577
55683
55732
55737
56055
56278
56384
56433
56438
56756
56979
57085
57134
57139
57457
57680
57786
57835
57840
58158
58381
58487
58536
58541
58859
59082
59188
59237
59242
59560
59783
59889
59938
59943
60261
60484
60590
60639
60644
60962
61185
61291
61340
61345
61663
61886
61992
62041
62046
62364
62587
62693
62742
62747
63065
63288
63394
63443
63448
63766
63989
64095
64144
64149
64467
64690
64796
64845
64850
65168
65391
65497
65546
65551
65869
66092
66198
66247
66252
66570
66793
66899
66948
66953
67271
67494
67600
67649
67654
67972
68195
68301
68350
68355
68673
68896
69002
69051
69056
69374
69597
69703
69752
69757
70075
70298
70404
70453
70458
70776
70999
71105
71154
71159
71477
71700
71806
71855
71860
72178
72401
72507
72556
72561
72879
73102
73208
73257
73262
73580
73803
73909
73958
73963
74281
74504
74610
74659
74664
74982
75205
75311
75360
75365
75683
75906
76012
76061
76066
76384
76607
76713
76762
76767
77085
77308
77414
77463
77468
77786
