99
100
201
308
342
356
357
491
800
801
902
1009
1043
1057
1058
1192
1501
1502
1603
1710
1744
1758
1759
1893
2202
2203
2304
2411
2445
2459
2460
2594
2903
2904
3005
3112
3146
3160
3161
3295
3604
3605
3706
3813
3847
3861
3862
3996
4305
4306
4407
4514
4548
4562
4563
4697
5006
5007
5108
5215
5249
5263
5264
5398
5707
5708
5809
5916
5950
5964
5965
6099
6408
6409
6510
6617
6651
6665
6666
6800
7109
7110
7211
7318
7352
7366
7367
7501
7810
7811
7912
8019
8053
8067
8068
8202
8511
8512
8613
8720
8754
8768
8769
8903
9212
9213
9314
9421
9455
9469
9470
9604
9913
9914
10015
10122
10156
10170
10171
10305
10614
10615
10716
10823
10857
10871
10872
11006
11315
11316
11417
11524
11558
11572
11573
11707
12016
12017
12118
12225
12259
12273
12274
12408
12717
12718
12819
12926
12960
12974
12975
13109
13418
13419
13520
13627
13661
13675
13676
13810
14119
14120
14221
14328
14362
14376
14377
14511
14820
14821
14922
15029
15063
15077
15078
15212
15521
15522
15623
15730
15764
15778
15779
15913
16222
16223
16324
16431
16465
16479
16480
16614
16923
16924
17025
17132
17166
17180
17181
17315
17624
17625
17726
17833
17867
17881
17882
18016
18325
18326
18427
18534
18568
18582
18583
18717
19026
19027
19128
19235
19269
19283
19284
19418
19727
19728
19829
19936
19970
19984
19985
20119
20428
20429
20530
20637
20671
20685
20686
20820
21129
21130
21231
21338
21372
21386
21387
21521
21830
21831
21932
22039
22073
22087
22088
22222
22531
22532
22633
22740
22774
22788
22789
22923
23232
23233
23334
23441
23475
23489
23490
23624
23933
23934
24035
24142
24176
24190
24191
24325
24634
24635
24736
24843
24877
24891
24892
25026
25335
25336
25437
25544
25578
25592
25593
25727
26036
26037
26138
26245
26279
26293
26294
26428
26737
26738
26839
26946
26980
26994
26995
27129
27438
27439
27540
27647
27681
27695
27696
27830
28139
28140
28241
28348
28382
28396
28397
28531
28840
28841
28942
29049
29083
29097
29098
29232
29541
29542
29643
29750
29784
29798
29799
29933
30242
30243
30344
30451
30485
30499
30500
30634
30943
30944
31045
31152
31186
31200
31201
31335
31644
31645
31746
31853
31887
31901
31902
32036
32345
32346
32447
32554
32588
32602
32603
32737
33046
33047
33148
33255
33289
33303
33304
33438
33747
33748
33849
33956
33990
34004
34005
34139
34448
34449
34550
34657
34691
34705
34706
34840
35149
35150
35251
35358
35392
35406
35407
35541
35850
35851
35952
36059
36093
36107
36108
36242
36551
36552
36653
36760
36794
36808
36809
36943
37252
37253
37354
37461
37495
37509
37510
37644
37953
37954
38055
38162
38196
38210
38211
38345
38654
38655
38756
38863
38897
38911
38912
39046
39355
39356
39457
39564
39598
39612
39613
39747
40056
40057
40158
40265
40299
40313
40314
40448
40757
40758
40859
40966
41000
41014
41015
41149
41458
41459
41560
41667
41701
41715
41716
41850
42159
42160
42261
42368
42402
42416
42417
42551
42860
42861
42962
43069
43103
43117
43118
43252
43561
43562
43663
43770
43804
43818
43819
43953
44262
44263
44364
44471
44505
44519
44520
44654
44963
44964
45065
45172
45206
45220
45221
45355
45664
45665
45766
45873
45907
45921
45922
46056
46365
46366
46467
46574
46608
46622
46623
46757
47066
47067
47168
47275
47309
47323
47324
47458
47767
47768
47869
47976
48010
48024
48025
48159
48468
48469
48570
48677
48711
48725
48726
48860
49169
49170
49271
49378
49412
49426
49427
49561
49870
49871
49972
50079
50113
50127
50128
50262
50571
50572
50673
50780
50814
50828
50829
50963
51272
51273
51374
51481
51515
51529
51530
51664
51973
51974
52075
52182
52216
52230
52231
52365
52674
52675
52776
52883
52917
52931
52932
53066
53375
53376
53477
53584
53618
53632
53633
53767
54076
54077
54178
54285
54319
54333
54334
54468
54777
54778
54879
54986
55020
55034
55035
55169
55478
55479
55580
55687
55721
55735
55736
55870
56179
56180
56281
56388
56422
56436
56437
56571
56880
56881
56982
57089
57123
57137
57138
57272
57581
57582
57683
57790
57824
57838
57839
57973
58282
58283
58384
58491
58525
58539
58540
58674
58983
58984
59085
59192
59226
59240
59241
59375
59684
59685
59786
59893
59927
59941
59942
60076
60385
60386
60487
60594
60628
60642
60643
60777
61086
61087
61188
61295
61329
61343
61344
61478
61787
61788
61889
61996
62030
62044
62045
62179
62488
62489
62590
62697
62731
62745
62746
62880
63189
63190
63291
63398
63432
63446
63447
63581
63890
63891
63992
64099
64133
64147
64148
64282
64591
64592
64693
64800
64834
64848
64849
64983
65292
65293
65394
65501
65535
65549
65550
65684
65993
65994
66095
66202
66236
66250
66251
66385
66694
66695
66796
66903
66937
66951
66952
67086
67395
67396
67497
67604
67638
67652
67653
67787
68096
68097
68198
68305
68339
68353
68354
68488
68797
68798
68899
69006
69040
69054
69055
69189
69498
69499
69600
69707
69741
69755
69756
69890
70199
70200
70301
70408
70442
70456
70457
70591
70900
70901
71002
71109
71143
71157
71158
71292
71601
71602
71703
71810
71844
71858
71859
71993
72302
72303
72404
72511
72545
72559
72560
72694
73003
73004
73105
73212
73246
73260
73261
73395
73704
73705
73806
73913
73947
73961
73962
74096
74405
74406
74507
74614
74648
74662
74663
74797
75106
75107
75208
75315
75349
75363
75364
75498
75807
75808
75909
76016
76050
76064
76065
76199
76508
76509
76610
76717
76751
76765
76766
76900
77209
77210
77311
77418
77452
77466
77467
77601
